variant_id,is_main,equiv_main_variant_id,join_stop_id,disjoin_stop_id
635600,1,,,
635601,1,,,
636930,1,,,
636931,1,,,
636932,0,,,
636933,0,,,
636934,0,,,
636935,0,,,
636936,1,,,
636937,1,,,
636938,0,,,
636939,1,,,
636940,1,,,
636941,0,,,
636942,0,,,
636943,0,,,
636944,0,,,
636945,1,,,
636946,1,,,
637325,1,,,
637326,1,,,
655610,1,,,
655611,1,,,
655612,0,,,
655613,0,,,
655614,0,,,
655615,0,,,
659656,1,,,
659657,1,,,
659658,0,659656,,668
659659,0,659656,,3833
659660,0,659656,977,
659661,0,,,
659662,1,,,
659663,1,,,
659664,0,659656,,668
659665,0,659656,,3833
659666,0,659656,977,
659667,0,,,
660339,1,,,
660340,1,,,
660341,1,,,
660342,1,,,
660343,1,,,
660344,1,,,
660345,1,,,
660346,1,,,
660347,0,,,
660348,0,,,
660352,0,,,
660354,0,,,
660355,0,,,
660356,0,,,
660357,0,,,
660358,0,,,
660359,0,,,
660360,0,,,
660361,0,,,
660362,0,,,
660364,0,,,
660383,1,,,
660384,1,,,
660385,1,,,
660386,1,,,
660387,1,,,
660388,1,,,
660389,1,,,
660390,1,,,
660401,0,,,
660402,0,,,
660403,0,,,
660406,0,,,
660407,0,,,
660408,0,,,
662592,1,,,
662593,1,,,
662594,1,,,
662595,1,,,
662596,1,,,
662597,1,,,
662598,1,,,
662599,1,,,
662600,1,,,
662601,1,,,
662602,1,,,
662603,1,,,
662604,1,,,
662605,1,,,
662606,1,,,
662607,1,,,
662608,0,,,
662609,0,,,
662610,0,,,
662611,0,,,
662612,0,,,
662613,0,,,
662614,0,,,
662615,0,,,
662616,0,,,
662617,0,,,
662618,0,,,
662619,0,,,
662620,0,,,
662621,0,,,
662622,0,,,
662623,0,,,
662624,0,,,
662625,0,,,
662626,0,,,
662627,0,,,
662628,0,,,
662629,0,,,
662630,0,,,
662631,0,,,
662632,0,,,
662634,0,,,
662636,0,,,
662638,0,,,
662639,0,,,
662640,0,,,
662643,0,,,
662644,0,,,
662645,0,,,
662647,0,,,
662648,0,,,
662649,0,,,
662650,0,,,
662651,0,,,
662652,0,,,
662653,0,,,
662654,0,,,
662655,0,,,
662656,0,,,
662657,0,,,
662658,0,,,
662659,0,,,
662660,0,,,
662661,0,,,
662663,0,,,
662664,0,,,
662666,0,,,
662667,0,,,
662669,0,,,
662670,0,,,
662671,0,,,
662672,0,,,
662673,0,,,
662674,0,,,
662676,0,,,
662677,0,,,
662679,0,,,
662680,0,,,
662683,0,,,
662684,0,,,
662686,0,,,
662687,0,,,
662688,0,,,
662689,0,,,
662690,0,,,
662691,1,,,
662692,1,,,
662693,1,,,
662694,1,,,
662695,1,,,
662696,1,,,
662697,1,,,
662698,1,,,
662699,1,,,
662700,1,,,
662701,1,,,
662702,1,,,
662704,1,,,
662723,0,,,
662724,0,,,
662725,0,,,
662729,0,,,
662730,0,,,
662732,0,,,
662734,0,,,
662735,0,,,
662736,0,,,
662737,0,,,
662738,0,,,
662739,0,,,
662743,0,,,
662748,0,,,
662750,0,,,
662751,0,,,
662758,0,,,
662759,0,,,
662762,0,,,
662765,0,,,
662774,0,,,
662775,0,,,
662778,0,,,
662779,0,,,
662780,0,,,
662781,0,,,
662782,0,,,
666912,1,,,
666913,1,,,
666914,1,,,
666915,1,,,
666916,1,,,
666917,1,,,
666918,1,,,
666919,1,,,
666920,1,,,
666921,1,,,
666922,1,,,
666923,1,,,
666924,1,,,
666925,1,,,
666926,1,,,
666927,1,,,
666928,0,,,
666929,0,,,
666931,0,,,
666932,0,,,
666933,0,,,
666934,0,,,
666936,0,,,
666937,0,,,
666939,0,,,
666940,0,,,
666941,0,,,
666942,0,,,
666943,0,,,
666944,0,,,
666946,0,,,
666947,0,,,
666949,0,,,
666952,0,,,
666954,0,,,
666955,0,,,
666956,0,,,
666957,0,,,
666958,0,,,
666960,0,,,
666964,0,,,
666965,0,,,
666966,0,,,
666967,0,,,
666968,0,,,
666969,0,,,
666970,0,,,
666971,0,,,
666972,0,,,
666974,1,,,
666975,1,,,
666976,1,,,
666977,1,,,
666978,1,,,
666979,1,,,
666980,1,,,
666981,1,,,
666982,1,,,
666983,1,,,
666984,1,,,
666986,1,,,
666988,0,,,
666989,0,,,
666990,0,,,
666991,0,,,
666992,0,,,
666993,0,,,
666994,0,,,
666995,0,,,
666996,0,,,
666997,0,,,
666998,0,,,
667003,0,,,
667004,0,,,
667005,0,,,
667007,0,,,
667010,0,,,
667011,0,,,
667012,0,,,
667013,0,,,
667015,0,,,
667016,0,,,
667017,0,,,
667019,0,,,
667020,0,,,
667022,0,,,
667028,0,,,
667030,0,,,
667031,0,,,
668400,1,,,
668401,1,,,
668402,0,,,
668403,0,,,
668405,0,,,
668406,0,,,
668407,0,,,
668408,0,,,
668409,0,,,
668410,0,,,
668411,0,,,
668412,0,,,
668413,0,,,
668414,0,,,
668415,0,,,
668416,0,,,
668417,0,,,
668418,0,,,
668419,0,,,
671146,1,,,
671147,1,,,
671148,1,,,
671149,1,,,
671150,1,,,
671151,1,,,
671152,1,,,
671153,1,,,
671154,1,,,
671155,1,,,
671156,1,,,
671157,1,,,
671158,1,,,
671159,1,,,
671160,1,,,
671161,1,,,
671162,1,,,
671163,1,,,
671164,1,,,
671165,1,,,
671166,1,,,
671167,1,,,
671168,1,,,
671169,1,,,
671170,1,,,
671171,1,,,
671172,1,,,
671173,1,,,
671174,1,,,
671175,1,,,
671176,1,,,
671177,1,,,
671178,1,,,
671179,1,,,
671180,1,,,
671181,1,,,
671182,1,,,
671183,1,,,
671184,1,,,
671185,1,,,
671186,1,,,
671187,1,,,
671194,0,,,
671196,0,671477,,1869
671197,0,,,
671201,0,,,
671202,0,671478,,1396
671203,0,,,
671205,0,,,
671206,0,,,
671209,0,671480,1536,
671210,0,,,
671211,0,,,
671213,0,,,
671214,0,671480,2959,
671215,0,671480,1609,
671216,0,,,
671217,0,671479,,1610
671222,0,,,
671226,0,671482,,1527
671227,0,671481,1528,
671230,0,,,
671237,0,671484,1609,
671240,0,671483,,1610
671243,0,671484,,1637
671244,0,671483,1636,
671245,0,,,
671253,0,671485,1414,
671255,0,671486,1479,
671258,0,,,
671262,0,,,
671263,0,,,
671264,0,671486,,
671266,0,671486,,
671269,0,,,
671271,0,,,
671274,0,671487,1636,
671275,0,671487,1636,
671277,0,671488,1418,
671278,0,671487,,1527
671286,0,671487,,1527
671287,0,,,
671292,0,671490,1479,
671294,0,671489,,
671295,0,671490,1633,
671297,0,,,
671298,0,671489,,1478
671301,0,671490,,1442
671311,0,671491,1496,
671313,0,671492,2033,
671320,0,671492,,1497
671323,0,671493,2033,
671325,0,671494,,1343
671326,0,671494,,1709
671327,0,671493,,1344
671328,0,671493,1619,
671329,0,671494,1660,
671334,0,671495,1623,
671339,0,671496,,1396
671343,0,671498,,2817
671345,0,671497,1564,
671347,0,671497,,1442
671350,0,671498,1614,
671354,0,671498,1414,
671355,0,671498,3772,
671357,0,671497,,1617
671358,0,671498,,1580
671360,0,,,
671361,0,671499,1680,
671363,0,671499,,1680
671364,0,671500,1868,
671366,0,671499,1496,
671368,0,671500,,1497
671372,0,671501,,1478
671375,0,671502,1619,
671377,0,,,
671381,0,,,
671382,0,671502,,1344
671389,0,671504,1411,
671390,0,671503,3523,
671391,0,671503,1409,
671396,0,671504,,2820
671397,0,671503,,1412
671400,0,,,
671401,0,,,
671402,0,671506,,3545
671403,0,671505,1457,
671404,0,671506,1623,
671408,0,,,
671416,0,671508,,1547
671422,0,671507,1548,
671426,0,671507,1636,
671427,0,671508,1419,
671430,0,671507,,1420
671432,0,671509,,2819
671433,0,671510,,3521
671434,0,671510,1411,
671435,0,671510,2820,
671436,0,671509,,1412
671439,0,671509,2959,
671440,0,671511,,1542
671441,0,671512,1430,
671442,0,671511,,1412
671445,0,671511,1482,
671447,0,,,
671448,0,671512,,1410
671449,0,671514,,2820
671450,0,671513,,2819
671451,0,671513,1397,
671452,0,671514,1541,
671453,0,671516,1541,
671454,0,671515,,2819
671456,0,671516,,2820
671457,0,671515,1397,
671458,0,,,
671459,0,,,
671466,0,671517,,1420
671468,0,671518,,1637
671471,0,671517,1636,
671476,0,,,
671477,1,,,
671478,1,,,
671479,1,,,
671480,1,,,
671481,1,,,
671482,1,,,
671483,1,,,
671484,1,,,
671485,1,,,
671486,1,,,
671487,1,,,
671488,1,,,
671489,1,,,
671490,1,,,
671491,1,,,
671492,1,,,
671493,1,,,
671494,1,,,
671495,1,,,
671496,1,,,
671497,1,,,
671498,1,,,
671499,1,,,
671500,1,,,
671501,1,,,
671502,1,,,
671503,1,,,
671504,1,,,
671505,1,,,
671506,1,,,
671507,1,,,
671508,1,,,
671509,1,,,
671510,1,,,
671511,1,,,
671512,1,,,
671513,1,,,
671514,1,,,
671515,1,,,
671516,1,,,
671517,1,,,
671518,1,,,
671522,0,,,
671525,0,,,
671526,0,671477,3523,
671527,0,671477,,1869
671528,0,,,
671533,0,671478,,1396
671534,0,,,
671541,0,,,
671542,0,,,
671543,0,671479,1470,
671544,0,,,
671545,0,671480,2959,
671546,0,671480,1609,
671548,0,671479,,1610
671553,0,,,
671554,0,,,
671557,0,671482,,1527
671558,0,671481,1528,
671559,0,,,
671560,0,,,
671562,0,671481,1528,
671563,0,,,
671566,0,671483,1636,
671568,0,671484,1609,
671571,0,671483,,1610
671573,0,671483,,1420
671574,0,671484,,1637
671575,0,671483,1636,
671576,0,,,
671577,0,,,
671582,0,,,
671584,0,671485,1414,
671586,0,671486,1479,
671589,0,,,
671591,0,671485,,1478
671593,0,,,
671594,0,,,
671595,0,671486,,
671596,0,,,
671597,0,671486,,
671598,0,,,
671600,0,,,
671601,0,671488,,1454
671602,0,,,
671604,0,671488,1418,
671605,0,671487,1636,
671607,0,,,
671609,0,671487,,1527
671610,0,671488,1528,
671612,0,671487,1581,
671614,0,671488,1528,
671615,0,671488,,1637
671616,0,,,
671617,0,671487,,1527
671619,0,671490,,1594
671621,0,,,
671623,0,671490,1479,
671624,0,671489,,
671627,0,,,
671629,0,671489,,1478
671630,0,,,
671632,0,671490,,1442
671633,0,,,
671637,0,,,
671639,0,671492,1564,
671640,0,671491,,1709
671641,0,671491,,1535
671642,0,671491,1496,
671644,0,671492,2033,
671647,0,,,
671649,0,,,
671651,0,671492,,1497
671654,0,671493,2033,
671656,0,671494,,1343
671657,0,671494,,1709
671658,0,671493,,1344
671659,0,671493,1619,
671660,0,671494,1660,
671664,0,671495,,1527
671665,0,671495,1623,
671667,0,671496,1680,
671669,0,671496,1528,
671670,0,671496,,1396
671672,0,671497,,2818
671674,0,671498,,2817
671676,0,671497,1564,
671677,0,671497,1633,
671678,0,671497,,1442
671680,0,671498,1614,
671682,0,,,
671685,0,671498,1414,
671689,0,671498,,1580
671691,0,,,
671692,0,671499,1680,
671694,0,671499,,1680
671695,0,671500,1868,
671697,0,671499,1496,
671699,0,671500,,1497
671702,0,,,
671703,0,671501,,1478
671705,0,,,
671706,0,671502,1619,
671707,0,671502,1479,
671708,0,,,
671709,0,671501,1660,
671713,0,671502,,1344
671715,0,,,
671716,0,,,
671718,0,,,
671720,0,671504,1411,
671721,0,671503,3523,
671722,0,671503,1409,
671727,0,671504,,2820
671728,0,671503,,1412
671730,0,,,
671731,0,,,
671733,0,671506,,3545
671734,0,671505,1457,
671735,0,671506,1623,
671736,0,,,
671741,0,671505,,1396
671742,0,671506,,1454
671745,0,,,
671746,0,671507,1581,
671747,0,671508,,1547
671749,0,,,
671752,0,671507,1636,
671753,0,671507,1548,
671754,0,671507,1548,
671757,0,671507,1636,
671758,0,671508,1419,
671761,0,671507,,1420
671762,0,671509,1419,
671763,0,671509,,2819
671764,0,671510,,3521
671765,0,671510,1411,
671767,0,671509,,1412
671770,0,671509,2959,
671771,0,671511,,1542
671772,0,671512,1430,
671773,0,671511,,1412
671774,0,671512,1411,
671776,0,671511,1482,
671777,0,671512,,1483
671778,0,,,
671779,0,671512,,1410
671780,0,671514,,2820
671781,0,671513,,2819
671782,0,671513,1397,
671783,0,671514,1541,
671784,0,671516,1541,
671785,0,671515,,2819
671787,0,671516,,2820
671788,0,671515,1397,
671791,0,,,
671792,0,,,
671793,0,671518,,1637
671794,0,,,
671795,0,,,
671796,0,671517,,1420
671797,0,671517,,1420
671798,0,671517,,1420
671799,0,671518,,1637
671800,0,671518,1419,
671801,0,671518,1419,
671802,0,671517,1636,
671803,0,,,
671804,0,671517,1636,
671805,0,,,
671806,0,671518,1419,
671808,1,,,
671809,1,,,
671810,1,,,
671811,1,,,
671812,1,,,
671813,1,,,
671814,1,,,
671815,1,,,
671816,1,,,
671817,1,,,
671818,1,,,
671819,1,,,
671820,1,,,
671821,1,,,
671822,1,,,
671823,1,,,
671824,1,,,
671825,1,,,
671826,1,,,
671827,1,,,
671828,1,,,
671829,1,,,
671830,1,,,
671831,1,,,
671832,1,,,
671833,1,,,
671834,1,,,
671835,1,,,
671836,1,,,
671837,1,,,
671838,1,,,
671839,1,,,
671840,1,,,
671841,1,,,
671842,1,,,
671843,1,,,
671844,1,,,
671845,1,,,
671846,1,,,
671847,1,,,
671848,1,,,
671849,1,,,
671850,0,,,
671856,0,,,
671858,0,671477,,1869
671859,0,,,
671864,0,671478,,1396
671865,0,,,
671867,0,,,
671869,0,671479,2820,
671875,0,,,
671876,0,671480,2959,
671877,0,671480,1609,
671879,0,671479,,1610
671888,0,671482,,1527
671889,0,671481,1528,
671894,0,,,
671897,0,671483,1636,
671899,0,671484,1609,
671902,0,671483,,1610
671905,0,671484,,1637
671906,0,671483,1636,
671907,0,,,
671915,0,671485,1414,
671917,0,671486,1479,
671920,0,,,
671922,0,671485,,1478
671924,0,,,
671925,0,,,
671926,0,671486,,
671928,0,671486,,
671929,0,,,
671930,0,671488,,1637
671931,0,,,
671933,0,,,
671936,0,671487,1636,
671940,0,671487,,1527
671941,0,671488,1528,
671942,0,,,
671945,0,671488,1528,
671948,0,671487,,1527
671954,0,671490,1479,
671955,0,671489,,
671956,0,671489,,
671958,0,,,
671959,0,,,
671960,0,671489,,1478
671961,0,,,
671964,0,,,
671968,0,,,
671969,0,671492,1536,
671975,0,671492,2033,
671980,0,,,
671981,0,,,
671982,0,671492,,1497
671983,0,671491,3772,
671985,0,671493,2033,
671987,0,671494,,1343
671988,0,671494,,1709
671989,0,671493,,1344
671990,0,671493,1619,
671991,0,671494,1660,
671992,0,,,
671993,0,,,
671995,0,671495,,1527
671996,0,671495,1623,
671997,0,,,
671998,0,671496,1680,
671999,0,671496,1528,
672000,0,671496,1528,
672001,0,671496,,1396
672005,0,671498,,2817
672006,0,,,
672007,0,671497,1564,
672009,0,671497,,1442
672010,0,671497,1581,
672012,0,671498,1614,
672013,0,,,
672016,0,671498,1414,
672022,0,,,
672024,0,671499,1680,
672025,0,671499,,1680
672026,0,671500,1868,
672027,0,,,
672028,0,671499,1496,
672030,0,671500,,1497
672034,0,671501,,1478
672035,0,,,
672037,0,671502,1619,
672042,0,,,
672044,0,671502,,1344
672045,0,671501,1593,
672046,0,,,
672051,0,671504,1411,
672052,0,671503,3523,
672053,0,671503,1409,
672055,0,,,
672057,0,,,
672058,0,671504,,2820
672059,0,671503,,1412
672062,0,,,
672063,0,,,
672064,0,671506,,3545
672065,0,671505,1457,
672066,0,671506,1623,
672069,0,,,
672072,0,671505,,1396
672076,0,,,
672078,0,671508,,1547
672079,0,,,
672083,0,671507,1636,
672084,0,671507,1548,
672086,0,671507,1548,
672089,0,671508,1419,
672090,0,671508,1616,
672092,0,671507,,1420
672094,0,671509,,2819
672095,0,671510,,3521
672096,0,671510,1411,
672097,0,671510,2820,
672098,0,671509,,1412
672101,0,671509,2959,
672102,0,671511,,1542
672104,0,671511,,1412
672105,0,671512,1411,
672107,0,671511,1482,
672108,0,671512,,1483
672109,0,,,
672110,0,671512,,1410
672111,0,671514,,2820
672112,0,671513,,2819
672113,0,671513,1397,
672114,0,671514,1541,
672115,0,671516,1541,
672116,0,671515,,2819
672117,0,,,
672118,0,671516,,2820
672119,0,671515,1397,
672121,0,,,
672128,0,671517,,1420
672130,0,671518,,1637
672131,0,671518,1419,
672133,0,671517,1636,
672139,1,,,
672140,1,,,
672141,1,,,
672142,1,,,
672143,1,,,
672144,1,,,
672145,1,,,
672146,1,,,
672147,1,,,
672148,1,,,
672149,1,,,
672150,1,,,
672151,1,,,
672152,1,,,
672153,1,,,
672154,1,,,
672155,1,,,
672156,1,,,
672157,1,,,
672158,1,,,
672159,1,,,
672160,1,,,
672161,1,,,
672162,1,,,
672163,1,,,
672164,1,,,
672165,1,,,
672166,1,,,
672167,1,,,
672168,1,,,
672169,1,,,
672170,1,,,
672171,1,,,
672172,1,,,
672173,1,,,
672174,1,,,
672175,1,,,
672176,1,,,
672177,1,,,
672178,1,,,
672179,1,,,
672180,1,,,
672181,1,,,
672182,1,,,
672183,1,,,
672184,1,,,
672185,1,,,
672186,1,,,
672187,1,,,
672188,1,,,
672189,1,,,
672190,1,,,
672191,1,,,
672192,1,,,
672193,1,,,
672194,1,,,
672195,1,,,
672196,1,,,
672197,1,,,
672198,1,,,
672200,1,,,
672201,1,,,
672202,1,,,
672203,1,,,
672204,1,,,
672205,1,,,
672206,1,,,
672207,1,,,
672208,1,,,
672209,1,,,
672210,1,,,
672211,1,,,
672212,1,,,
672213,1,,,
672214,1,,,
672215,1,,,
672216,1,,,
672217,1,,,
672218,1,,,
672219,1,,,
672220,1,,,
672221,1,,,
672222,1,,,
672223,1,,,
672224,1,,,
672225,1,,,
672226,1,,,
672227,1,,,
672228,1,,,
672229,1,,,
672230,1,,,
672231,1,,,
672232,1,,,
672233,1,,,
672234,1,,,
672235,1,,,
672236,1,,,
672237,1,,,
672238,1,,,
672239,1,,,
672240,1,,,
672241,1,,,
672242,1,,,
672243,1,,,
672244,1,,,
672245,1,,,
672246,1,,,
672247,1,,,
672248,1,,,
672249,1,,,
672250,1,,,
672252,0,672752,629,
672253,0,672751,2235,
672256,0,672751,,619
672257,0,672752,,635
672258,0,,,
672260,0,,,
672263,0,,,
672265,0,672753,1306,
672266,0,672753,1306,
672268,0,672754,125,
672271,0,672753,1306,
672272,0,672754,,1174
672273,0,672754,,1174
672274,0,672753,,2554
672275,0,,,
672277,0,,,
672279,0,672758,,651
672282,0,672757,648,
672284,0,672758,1318,
672285,0,672757,,644
672286,0,672757,,644
672287,0,,,
672288,0,,,
672289,0,672759,,644
672290,0,672760,1318,
672291,0,672759,648,
672292,0,672760,,651
672293,0,,,
672294,0,672762,638,
672296,0,672761,647,
672298,0,672761,,647
672301,0,,,
672303,0,672763,,668
672304,0,672764,,669
672306,0,672764,667,
672307,0,672763,670,
672308,0,,,
672309,0,672766,,874
672310,0,,,
672311,0,,,
672317,0,672766,,
672330,0,,,
672331,0,672768,625,
672335,0,672768,,780
672337,0,,,
672339,0,,,
672340,0,,,
672341,0,,,
672343,0,672770,603,
672344,0,672770,,2828
672345,0,,,
672348,0,672769,711,
672351,0,,,
672352,0,,,
672353,0,,,
672354,0,,,
672355,0,,,
672358,0,,,
672359,0,672771,2885,
672362,0,672771,2885,
672363,0,672772,3797,
672364,0,672771,,
672365,0,,,
672366,0,,,
672370,0,,,
672371,0,,,
672372,0,,,
672374,0,,,
672375,0,,,
672377,0,,,
672378,0,672773,,3460
672386,0,,,
672387,0,,,
672388,0,,,
672389,0,672775,,1030
672391,0,672775,,1030
672392,0,,,
672393,0,,,
672395,0,672776,,610
672396,0,672776,,3879
672397,0,672776,,3879
672398,0,672776,,3879
672400,0,,,
672401,0,,,
672402,0,672777,,240
672403,0,,,
672404,0,,,
672406,0,,,
672407,0,672778,,543
672409,0,,,
672410,0,672780,125,
672411,0,672779,208,
672412,0,672779,,2554
672413,0,672780,,210
672414,0,,,
672416,0,,,
672421,0,672782,,2953
672422,0,,,
672423,0,672781,,3002
672424,0,,,
672425,0,,,
672426,0,,,
672428,0,,,
672430,0,,,
672437,0,,,
672438,0,,,
672441,0,,,
672442,0,672786,,2953
672444,0,,,
672445,0,672786,,2953
672446,0,,,
672448,0,672788,667,
672451,0,,,
672453,0,,,
672454,0,,,
672455,0,,,
672456,0,672787,,3131
672457,0,,,
672458,0,672788,,
672459,0,672787,,668
672460,0,672787,,668
672461,0,672787,,668
672462,0,672787,,668
672463,0,672788,,642
672465,0,672788,667,
672467,0,,,
672468,0,,,
672471,0,,,
672473,0,,,
672474,0,,,
672481,0,,,
672485,0,672794,,2854
672486,0,,,
672487,0,,,
672491,0,,,
672493,0,672793,242,
672494,0,672793,242,
672496,0,672793,128,
672498,0,,,
672499,0,,,
672501,0,,,
672502,0,,,
672505,0,672798,1306,
672507,0,,,
672508,0,672798,,2886
672510,0,,,
672511,0,672797,,1174
672513,0,,,
672515,0,672797,2885,
672518,0,,,
672519,0,,,
672520,0,,,
672521,0,672800,493,
672523,0,672799,209,
672524,0,672800,,1142
672525,0,,,
672528,0,,,
672530,0,,,
672534,0,,,
672535,0,,,
672537,0,,,
672538,0,672804,,
672542,0,672804,,
672543,0,,,
672544,0,672806,3805,
672545,0,672805,2885,
672547,0,,,
672549,0,,,
672550,0,672805,,
672551,0,,,
672552,0,,,
672553,0,,,
672554,0,,,
672555,0,672808,,
672557,0,672810,3131,
672558,0,672809,1309,
672559,0,672809,,114
672560,0,672810,,1307
672562,0,,,
672563,0,,,
672564,0,,,
672565,0,,,
672566,0,,,
672567,0,,,
672568,0,,,
672570,0,,,
672571,0,,,
672572,0,,,
672573,0,,,
672574,0,,,
672576,0,672818,,646
672577,0,,,
672578,0,672817,,647
672580,0,,,
672581,0,672818,638,
672585,0,672822,,707
672586,0,672821,708,
672587,0,672822,603,
672589,0,,,
672590,0,,,
672591,0,,,
672595,0,,,
672601,0,672828,,210
672602,0,,,
672603,0,672828,,543
672605,0,,,
672609,0,672827,,2554
672612,0,,,
672613,0,,,
672614,0,,,
672615,0,672830,,
672616,0,672829,,2953
672618,0,,,
672619,0,,,
672620,0,672832,,646
672621,0,672831,,647
672622,0,,,
672623,0,,,
672624,0,,,
672638,0,672836,,644
672639,0,672835,,651
672641,0,672836,648,
672642,0,,,
672650,0,,,
672651,0,,,
672654,0,672844,1819,
672655,0,672843,1248,
672656,0,672844,,611
672658,0,,,
672659,0,,,
672660,0,,,
672661,0,672846,,2886
672664,0,672845,,3572
672665,0,672845,2885,
672666,0,672846,3572,
672667,0,,,
672668,0,672848,,2886
672669,0,,,
672670,0,,,
672671,0,,,
672672,0,,,
672673,0,672850,,1267
672674,0,672850,,3124
672676,0,,,
672679,0,672852,,2854
672680,0,,,
672681,0,672851,242,
672682,0,672851,125,
672685,0,672854,209,
672686,0,672853,128,
672687,0,672853,,212
672688,0,672854,,127
672690,0,,,
672692,0,,,
672694,0,,,
672699,0,,,
672700,0,,,
672702,0,,,
672708,0,672864,,2854
672709,0,672864,,127
672710,0,672863,242,
672711,0,672863,128,
672712,0,,,
672713,0,,,
672714,0,672866,,1782
672715,0,,,
672722,0,,,
672726,0,,,
672736,0,,,
672738,0,,,
672741,0,,,
672742,0,,,
672743,1,,,
672744,1,,,
672745,1,,,
672746,1,,,
672747,0,659656,,668
672748,0,659656,,3833
672749,0,659656,977,
672750,0,,,
672751,1,,,
672752,1,,,
672753,1,,,
672754,1,,,
672755,1,,,
672756,1,,,
672757,1,,,
672758,1,,,
672759,1,,,
672760,1,,,
672761,1,,,
672762,1,,,
672763,1,,,
672764,1,,,
672765,1,,,
672766,1,,,
672767,1,,,
672768,1,,,
672769,1,,,
672770,1,,,
672771,1,,,
672772,1,,,
672773,1,,,
672774,1,,,
672775,1,,,
672776,1,,,
672777,1,,,
672778,1,,,
672779,1,,,
672780,1,,,
672781,1,,,
672782,1,,,
672783,1,,,
672784,1,,,
672785,1,,,
672786,1,,,
672787,1,,,
672788,1,,,
672789,1,,,
672790,1,,,
672791,1,,,
672792,1,,,
672793,1,,,
672794,1,,,
672795,1,,,
672796,1,,,
672797,1,,,
672798,1,,,
672799,1,,,
672800,1,,,
672801,1,,,
672802,1,,,
672803,1,,,
672804,1,,,
672805,1,,,
672806,1,,,
672807,1,,,
672808,1,,,
672809,1,,,
672810,1,,,
672812,1,,,
672813,1,,,
672814,1,,,
672816,1,,,
672817,1,,,
672818,1,,,
672819,1,,,
672820,1,,,
672821,1,,,
672822,1,,,
672823,1,,,
672824,1,,,
672825,1,,,
672826,1,,,
672827,1,,,
672828,1,,,
672829,1,,,
672830,1,,,
672831,1,,,
672832,1,,,
672833,1,,,
672834,1,,,
672835,1,,,
672836,1,,,
672837,1,,,
672838,1,,,
672839,1,,,
672840,1,,,
672841,1,,,
672842,1,,,
672843,1,,,
672844,1,,,
672845,1,,,
672846,1,,,
672847,1,,,
672848,1,,,
672849,1,,,
672850,1,,,
672851,1,,,
672852,1,,,
672853,1,,,
672854,1,,,
672855,1,,,
672856,1,,,
672857,1,,,
672858,1,,,
672859,1,,,
672860,1,,,
672861,1,,,
672862,1,,,
672863,1,,,
672864,1,,,
672865,1,,,
672866,1,,,
672867,1,,,
672868,1,672868,,879
672869,1,,,
672870,1,,,
672871,1,,,
672872,1,,,
672873,1,,,
672874,1,,,
672875,1,,,
672876,1,,,
672877,1,,,
672878,1,,,
672879,1,,,
672880,1,,,
672881,1,,,
672882,1,,,
672883,1,,,
672884,1,,,
672886,0,672752,629,
672887,0,672751,2235,
672888,0,,,
672890,0,672751,,619
672891,0,672752,,635
672893,0,,,
672897,0,,,
672899,0,672753,1306,
672901,0,672753,1141,
672902,0,672754,125,
672905,0,672753,1306,
672906,0,672754,,1174
672907,0,672754,,1174
672908,0,672753,,2554
672909,0,,,
672911,0,672755,648,
672912,0,672756,1318,
672913,0,,,
672915,0,,,
672916,0,672756,,651
672921,0,672755,,644
672926,0,,,
672927,0,,,
672928,0,,,
672929,0,,,
672930,0,672758,,651
672931,0,,,
672932,0,672758,,651
672933,0,672757,648,
672934,0,,,
672935,0,672758,1318,
672936,0,672757,,644
672937,0,672757,,644
672938,0,,,
672939,0,,,
672940,0,672759,,644
672941,0,672760,1318,
672942,0,672759,648,
672943,0,672760,,651
672944,0,,,
672945,0,672762,638,
672946,0,,,
672947,0,672761,647,
672948,0,672762,,646
672949,0,672761,,647
672951,0,,,
672952,0,,,
672953,0,,,
672954,0,672763,,668
672955,0,672764,,669
672958,0,672763,670,
672960,0,672766,,874
672961,0,,,
672962,0,,,
672963,0,,,
672964,0,,,
672965,0,,,
672966,0,,,
672967,0,,,
672968,0,672766,,
672970,0,672767,,624
672972,0,,,
672973,0,,,
672974,0,,,
672976,0,,,
672977,0,,,
672978,0,,,
672979,0,,,
672980,0,,,
672981,0,,,
672982,0,672768,625,
672983,0,672768,625,
672984,0,672767,779,
672985,0,672767,779,
672986,0,672768,,780
672987,0,672768,,780
672988,0,,,
672989,0,,,
672990,0,,,
672991,0,,,
672992,0,,,
672993,0,672770,2815,
672994,0,672770,603,
672995,0,672770,,2828
672997,0,672769,,2816
672999,0,672769,711,
673003,0,,,
673004,0,,,
673006,0,,,
673007,0,672772,,2886
673008,0,,,
673009,0,,,
673010,0,672771,2885,
673011,0,672771,2885,
673014,0,672772,3797,
673015,0,672771,,
673016,0,,,
673017,0,,,
673018,0,,,
673019,0,,,
673020,0,,,
673021,0,,,
673022,0,,,
673023,0,,,
673025,0,,,
673026,0,,,
673027,0,672774,,898
673028,0,,,
673029,0,672773,,3460
673030,0,672774,1248,
673031,0,,,
673033,0,,,
673034,0,,,
673037,0,,,
673038,0,,,
673039,0,,,
673040,0,672775,,1030
673041,0,672775,,1030
673043,0,,,
673044,0,,,
673045,0,672775,,284
673046,0,672776,,610
673047,0,672776,,3879
673049,0,672776,,3879
673051,0,,,
673052,0,,,
673053,0,672777,,240
673054,0,,,
673055,0,,,
673057,0,,,
673058,0,672778,,543
673059,0,,,
673061,0,672780,125,
673062,0,672779,208,
673063,0,672779,,2554
673064,0,672780,,210
673065,0,,,
673069,0,,,
673072,0,672782,,2953
673073,0,,,
673074,0,672781,,3002
673075,0,,,
673076,0,,,
673078,0,,,
673079,0,,,
673080,0,,,
673081,0,,,
673082,0,,,
673083,0,,,
673084,0,,,
673085,0,,,
673086,0,,,
673087,0,,,
673089,0,,,
673092,0,,,
673093,0,672786,,2953
673095,0,,,
673096,0,672786,,2953
673097,0,,,
673101,0,672788,667,
673102,0,,,
673103,0,,,
673104,0,,,
673105,0,,,
673106,0,,,
673107,0,672787,,3131
673108,0,,,
673110,0,672787,,668
673111,0,672787,,668
673112,0,672787,,668
673113,0,672787,,668
673114,0,672788,,642
673115,0,672788,,642
673116,0,672788,667,
673118,0,,,
673120,0,,,
673122,0,,,
673124,0,,,
673125,0,,,
673127,0,,,
673129,0,,,
673130,0,,,
673131,0,,,
673132,0,,,
673133,0,672789,,
673134,0,,,
673135,0,672791,,610
673136,0,672791,708,
673138,0,672792,603,
673139,0,672792,,707
673142,0,672794,,2854
673143,0,,,
673144,0,,,
673147,0,672794,,127
673148,0,,,
673150,0,672793,242,
673151,0,672793,242,
673152,0,672793,128,
673153,0,672793,128,
673154,0,672794,,127
673155,0,,,
673156,0,,,
673157,0,,,
673159,0,,,
673160,0,,,
673161,0,,,
673162,0,672798,1306,
673163,0,672798,1306,
673165,0,672798,,2886
673167,0,,,
673168,0,672797,,1174
673169,0,,,
673170,0,,,
673171,0,672797,,1174
673172,0,672797,2885,
673175,0,,,
673176,0,,,
673178,0,672800,493,
673180,0,672799,209,
673181,0,672800,,1142
673182,0,,,
673183,0,672799,,978
673186,0,672801,2885,
673187,0,,,
673188,0,,,
673189,0,672802,3805,
673190,0,672801,,
673191,0,,,
673192,0,,,
673194,0,,,
673195,0,672804,,
673197,0,672803,1318,
673198,0,672803,1318,
673199,0,672804,,
673200,0,,,
673201,0,672806,3805,
673202,0,672805,2885,
673203,0,,,
673205,0,,,
673206,0,,,
673207,0,672805,,
673208,0,,,
673211,0,,,
673212,0,672808,,
673213,0,,,
673214,0,672810,3131,
673215,0,672809,1309,
673216,0,672809,,114
673217,0,672810,,1307
673218,0,672810,,1307
673219,0,,,
673220,0,,,
673221,0,,,
673222,0,,,
673223,0,,,
673224,0,,,
673225,0,,,
673226,0,,,
673227,0,,,
673229,0,,,
673230,0,,,
673231,0,,,
673233,0,672818,,646
673235,0,672817,,647
673236,0,672817,647,
673237,0,,,
673238,0,672818,638,
673241,0,672819,,644
673242,0,672820,1318,
673243,0,672819,648,
673244,0,672820,,651
673245,0,,,
673247,0,,,
673248,0,672822,,707
673249,0,672821,708,
673251,0,672821,,610
673252,0,,,
673253,0,672823,708,
673255,0,672823,708,
673256,0,672824,,707
673257,0,672823,,610
673258,0,672824,603,
673259,0,672825,,668
673260,0,672825,670,
673261,0,672826,667,
673262,0,672826,,669
673263,0,,,
673264,0,,,
673265,0,,,
673267,0,,,
673268,0,672827,,2554
673269,0,,,
673273,0,672827,208,
673275,0,672828,,210
673276,0,,,
673277,0,672828,,543
673279,0,,,
673280,0,,,
673281,0,,,
673282,0,,,
673283,0,672827,,2554
673286,0,,,
673287,0,,,
673288,0,,,
673289,0,672830,,
673290,0,672829,,2953
673292,0,,,
673293,0,,,
673294,0,672832,,646
673295,0,672831,,647
673296,0,,,
673297,0,672833,324,
673298,0,672834,3512,
673299,0,,,
673300,0,672834,,323
673301,0,,,
673302,0,,,
673303,0,,,
673304,0,,,
673305,0,,,
673306,0,,,
673307,0,672835,1318,
673308,0,,,
673310,0,,,
673311,0,,,
673312,0,,,
673313,0,,,
673314,0,,,
673315,0,,,
673316,0,,,
673317,0,672836,,644
673318,0,672836,,644
673319,0,672835,,651
673320,0,672835,1318,
673321,0,672836,648,
673323,0,,,
673325,0,672838,43,
673326,0,672837,248,
673327,0,672838,,40
673328,0,672837,,
673329,0,,,
673331,0,672840,642,
673333,0,672839,3123,
673335,0,672839,,637
673336,0,672842,208,
673337,0,,,
673338,0,672841,125,
673339,0,672842,,2554
673340,0,,,
673342,0,672844,1819,
673343,0,672844,1819,
673344,0,672843,1248,
673345,0,672844,,611
673348,0,,,
673349,0,,,
673350,0,672846,,2886
673351,0,,,
673352,0,,,
673353,0,672845,,3572
673354,0,672845,2885,
673355,0,672846,3572,
673356,0,,,
673357,0,672848,,2886
673358,0,,,
673359,0,,,
673360,0,,,
673361,0,,,
673362,0,672850,,1267
673363,0,672850,,3124
673364,0,,,
673367,0,,,
673368,0,672852,,2854
673370,0,672851,242,
673371,0,672851,125,
673372,0,,,
673373,0,,,
673374,0,672854,209,
673375,0,672853,128,
673376,0,672853,,212
673377,0,672854,,127
673378,0,672854,,127
673379,0,,,
673380,0,,,
673381,0,,,
673382,0,,,
673383,0,,,
673385,0,,,
673386,0,672858,,2948
673387,0,672858,1064,
673390,0,,,
673391,0,,,
673392,0,672862,3574,
673393,0,672861,2885,
673394,0,672861,,3574
673395,0,672862,,2886
673396,0,,,
673397,0,672864,,2854
673398,0,672864,,127
673399,0,672863,242,
673400,0,672863,128,
673403,0,672866,,1782
673404,0,,,
673407,0,,,
673408,0,,,
673409,0,672868,879,
673410,0,,,
673411,0,,,
673412,0,,,
673413,0,,,
673416,0,,,
673417,0,,,
673418,0,672874,,1160
673419,0,672874,2783,
673420,0,672873,665,
673422,0,,,
673424,0,,,
673425,0,,,
673426,0,672877,,3460
673427,0,672878,,1012
673428,0,672878,,815
673429,0,672878,,1142
673430,0,672877,,
673431,0,672878,1248,
673432,0,672877,964,
673435,0,,,
673436,0,,,
673437,0,,,
673438,0,,,
673439,0,,,
673440,0,,,
673441,1,,,
673442,1,,,
673443,1,,,
673444,1,,,
673446,1,,,
673447,1,,,
673448,1,,,
673449,1,,,
673450,1,,,
673451,1,,,
673452,1,,,
673453,1,,,
673454,1,,,
673455,1,,,
673456,1,,,
673457,1,,,
673458,1,,,
673459,1,,,
673460,1,,,
673461,1,,,
673462,1,,,
673463,1,,,
673464,1,,,
673465,1,,,
673466,1,,,
673467,1,,,
673468,1,,,
673469,1,,,
673470,1,,,
673471,1,,,
673472,1,,,
673473,1,,,
673474,1,,,
673475,1,,,
673476,1,,,
673477,1,,,
673478,1,,,
673479,1,,,
673480,1,,,
673481,1,,,
673482,1,,,
673483,1,,,
673484,1,,,
673485,1,,,
673486,1,,,
673487,1,,,
673488,1,,,
673489,1,,,
673490,1,,,
673491,1,,,
673492,1,,,
673493,1,,,
673494,1,,,
673495,1,,,
673496,1,,,
673497,1,,,
673498,1,,,
673499,1,,,
673500,1,,,
673501,1,,,
673502,1,,,
673503,1,,,
673504,1,,,
673506,1,,,
673507,1,,,
673508,1,,,
673509,1,,,
673510,1,,,
673511,1,,,
673512,1,,,
673513,1,,,
673514,1,,,
673515,1,,,
673516,1,,,
673517,1,,,
673518,1,,,
673519,1,,,
673520,1,,,
673521,1,,,
673522,1,,,
673523,1,,,
673525,1,,,
673526,1,,,
673527,1,,,
673528,1,,,
673529,1,,,
673530,1,,,
673531,1,,,
673532,1,,,
673533,1,,,
673534,1,,,
673535,1,,,
673536,1,,,
673537,1,,,
673538,1,,,
673539,1,,,
673540,1,,,
673541,1,,,
673542,1,,,
673543,1,,,
673544,1,,,
673545,1,,,
673546,1,,,
673547,1,,,
673548,1,,,
673549,1,,,
673550,1,,,
673551,1,,,
673552,1,,,
673553,1,,,
673554,1,,,
673555,1,,,
673556,1,,,
673557,1,,,
673558,1,,,
673559,1,,,
673560,1,,,
673561,1,,,
673562,1,,,
673563,1,,,
673564,1,,,
673565,1,,,
673566,1,,,
673567,1,,,
673568,1,,,
673569,1,,,
673570,1,,,
673572,0,672752,629,
673573,0,672751,2235,
673575,0,,,
673576,0,672751,,619
673577,0,672752,,635
673578,0,,,
673580,0,,,
673582,0,,,
673583,0,,,
673585,0,672753,1306,
673586,0,672753,1306,
673587,0,672753,1141,
673588,0,672754,125,
673591,0,672753,1306,
673592,0,672754,,1174
673593,0,672754,,1174
673594,0,672753,,2554
673595,0,,,
673596,0,,,
673597,0,672755,648,
673599,0,,,
673602,0,672756,,651
673603,0,,,
673609,0,,,
673611,0,,,
673612,0,,,
673614,0,,,
673616,0,672758,,651
673619,0,672757,648,
673621,0,672758,1318,
673622,0,672757,,644
673623,0,672757,,644
673624,0,,,
673625,0,,,
673626,0,672759,,644
673627,0,672760,1318,
673628,0,672759,648,
673629,0,672760,,651
673630,0,,,
673631,0,672762,638,
673632,0,,,
673633,0,672761,647,
673635,0,672761,,647
673636,0,,,
673637,0,,,
673638,0,,,
673640,0,672763,,668
673641,0,672764,,669
673642,0,,,
673643,0,672764,667,
673644,0,672763,670,
673645,0,,,
673646,0,672766,,874
673647,0,,,
673648,0,,,
673654,0,672766,,
673655,0,,,
673656,0,672767,,624
673657,0,,,
673659,0,,,
673660,0,,,
673661,0,,,
673667,0,,,
673668,0,672768,625,
673669,0,672768,625,
673670,0,672767,779,
673672,0,672768,,780
673674,0,,,
673676,0,,,
673677,0,,,
673678,0,,,
673679,0,672770,2815,
673680,0,672770,603,
673681,0,672770,,2828
673682,0,,,
673683,0,672769,,2816
673685,0,672769,711,
673686,0,,,
673687,0,,,
673688,0,,,
673689,0,,,
673690,0,,,
673691,0,,,
673692,0,,,
673695,0,,,
673696,0,672771,2885,
673698,0,672771,2885,
673699,0,672771,2885,
673700,0,672772,3797,
673701,0,672771,,
673702,0,,,
673703,0,,,
673707,0,,,
673708,0,,,
673709,0,,,
673711,0,,,
673712,0,,,
673713,0,672774,,898
673714,0,,,
673715,0,672773,,3460
673716,0,672774,1248,
673717,0,,,
673719,0,,,
673723,0,,,
673724,0,,,
673725,0,,,
673726,0,672775,,1030
673727,0,672775,,1030
673728,0,672775,,1030
673729,0,,,
673730,0,,,
673732,0,672776,,610
673733,0,672776,,3879
673734,0,672776,,3879
673735,0,672776,,3879
673737,0,,,
673738,0,,,
673739,0,672777,,240
673740,0,,,
673741,0,,,
673743,0,,,
673744,0,672778,,543
673746,0,,,
673747,0,672780,125,
673748,0,672779,208,
673749,0,672779,,2554
673750,0,672780,,210
673751,0,,,
673752,0,,,
673755,0,,,
673758,0,672782,,2953
673759,0,,,
673760,0,672781,,3002
673761,0,,,
673762,0,,,
673763,0,,,
673765,0,,,
673767,0,,,
673773,0,,,
673774,0,,,
673775,0,,,
673778,0,,,
673779,0,672786,,2953
673781,0,,,
673782,0,672786,,2953
673783,0,,,
673787,0,672788,667,
673788,0,,,
673789,0,,,
673790,0,,,
673791,0,,,
673792,0,,,
673793,0,672787,,3131
673794,0,,,
673795,0,672788,,
673796,0,672787,,668
673797,0,672787,,668
673798,0,672787,,668
673799,0,672787,,668
673800,0,672788,,642
673802,0,672788,667,
673803,0,,,
673804,0,,,
673805,0,,,
673806,0,,,
673808,0,,,
673810,0,,,
673811,0,,,
673813,0,,,
673815,0,,,
673816,0,,,
673818,0,,,
673819,0,672789,,
673820,0,,,
673822,0,672791,708,
673823,0,,,
673824,0,672792,603,
673825,0,672792,,707
673826,0,,,
673827,0,,,
673828,0,672794,,2854
673829,0,,,
673830,0,,,
673832,0,,,
673834,0,,,
673835,0,,,
673836,0,672793,242,
673837,0,672793,242,
673838,0,672793,128,
673839,0,672793,128,
673841,0,,,
673842,0,,,
673844,0,,,
673845,0,,,
673846,0,,,
673847,0,,,
673848,0,672798,1306,
673849,0,672798,1306,
673850,0,,,
673851,0,672798,,2886
673852,0,,,
673853,0,,,
673854,0,672797,,1174
673855,0,,,
673856,0,,,
673858,0,672797,2885,
673859,0,672797,2885,
673861,0,,,
673862,0,,,
673864,0,672800,493,
673865,0,,,
673866,0,672799,209,
673867,0,672800,,1142
673868,0,,,
673869,0,672799,,978
673871,0,,,
673873,0,,,
673877,0,,,
673878,0,,,
673880,0,,,
673881,0,672804,,
673883,0,672803,1318,
673884,0,672803,1318,
673885,0,672804,,
673886,0,,,
673887,0,672806,3805,
673888,0,672805,2885,
673890,0,,,
673892,0,,,
673893,0,672805,,
673894,0,,,
673895,0,,,
673896,0,,,
673897,0,,,
673898,0,672808,,
673899,0,,,
673900,0,672810,3131,
673901,0,672809,1309,
673902,0,672809,,114
673905,0,,,
673906,0,,,
673907,0,,,
673908,0,,,
673909,0,,,
673910,0,,,
673911,0,,,
673913,0,,,
673914,0,,,
673915,0,,,
673916,0,,,
673917,0,,,
673918,0,,,
673919,0,672818,,646
673921,0,672817,,647
673922,0,672817,647,
673923,0,,,
673924,0,672818,638,
673925,0,,,
673926,0,,,
673927,0,672819,,644
673928,0,672820,1318,
673929,0,672819,648,
673930,0,672820,,651
673932,0,,,
673934,0,672822,,707
673935,0,672821,708,
673936,0,672822,603,
673939,0,672823,708,
673940,0,,,
673942,0,672824,,707
673944,0,672824,603,
673947,0,672826,667,
673948,0,672826,,669
673949,0,,,
673950,0,,,
673951,0,,,
673953,0,,,
673954,0,672827,,2554
673955,0,,,
673959,0,672827,208,
673961,0,672828,,210
673962,0,,,
673963,0,672828,,543
673965,0,,,
673966,0,,,
673967,0,,,
673968,0,,,
673969,0,672827,,2554
673972,0,,,
673973,0,,,
673974,0,,,
673975,0,672830,,
673976,0,672829,,2953
673977,0,,,
673979,0,,,
673980,0,672832,,646
673981,0,672831,,647
673984,0,672834,3512,
673986,0,672834,,323
673987,0,,,
673988,0,,,
673989,0,,,
673990,0,,,
674003,0,672836,,644
674004,0,672836,,644
674005,0,672835,,651
674007,0,672836,648,
674008,0,,,
674017,0,672840,642,
674018,0,,,
674019,0,672839,3123,
674021,0,672839,,637
674024,0,672841,125,
674025,0,672842,,2554
674026,0,,,
674028,0,672844,1819,
674029,0,672844,1819,
674030,0,672843,1248,
674031,0,672844,,611
674034,0,,,
674035,0,,,
674036,0,672846,,2886
674039,0,672845,,3572
674040,0,672845,2885,
674041,0,672846,3572,
674042,0,,,
674043,0,672848,,2886
674044,0,,,
674045,0,,,
674046,0,,,
674047,0,,,
674048,0,672850,,1267
674049,0,672850,,3124
674052,0,,,
674053,0,,,
674054,0,672852,,2854
674055,0,,,
674056,0,672851,242,
674060,0,672854,209,
674061,0,672853,128,
674062,0,672853,,212
674063,0,672854,,127
674065,0,,,
674067,0,,,
674069,0,,,
674074,0,,,
674075,0,,,
674077,0,,,
674083,0,672864,,2854
674084,0,672864,,127
674085,0,672863,242,
674086,0,672863,128,
674089,0,672866,,1782
674090,0,,,
674097,0,,,
674101,0,,,
674103,0,,,
674113,0,,,
674114,0,,,
674115,0,,,
674118,0,,,
674119,0,,,
674120,1,,,
674121,1,,,
674122,1,,,
674123,1,,,
674127,1,,,
674130,1,,,
674131,1,,,
674132,1,,,
674133,1,,,
674134,1,,,
674135,1,,,
674136,1,,,
674137,1,,,
674138,1,,,
674139,1,,,
674141,1,,,
674142,0,,,
674143,0,,,
674147,0,,,
674148,0,,,
674153,0,,,
674154,0,,,
674155,0,,,
674157,0,,,
674161,0,,,
674165,0,,,
674188,0,,,
674190,0,,,
674192,0,,,
674196,0,,,
674200,0,,,
674201,0,,,
674202,0,,,
674203,0,,,
674204,0,,,
674205,1,,,
674206,1,,,
674207,1,,,
674208,1,,,
674209,1,,,
674210,1,,,
674211,1,,,
674212,1,,,
674213,1,,,
674214,1,,,
674215,1,,,
674217,1,,,
674219,0,,,
674220,0,,,
674221,0,,,
674222,0,,,
674223,0,,,
674224,0,,,
674225,0,,,
674226,0,,,
674227,0,,,
674228,0,,,
674229,0,,,
674234,0,,,
674235,0,,,
674236,0,,,
674242,0,,,
674243,0,,,
674244,0,,,
674246,0,,,
674247,0,,,
674248,0,,,
674250,0,,,
674251,0,,,
674253,0,,,
674259,0,,,
674261,0,,,
674262,0,,,
